Solucao (210 ms): 15 lojas
Truck r: 257,5714
0,8,10,9,11,12,3,2,13,1,14,15,6,7,5,4,0
-----
Solucao (436 ms): 21 lojas
Truck r: 298,1784
0,8,10,9,11,12,3,2,1,13,14,15,16,6,17,18,19,5,7,20,4,21,0
----
Solucao (1605 ms): 23 lojas
Truck r: 347,7587
0,8,10,9,11,12,3,2,1,13,14,15,16,6,17,18,19,5,7,20,4,21,23,22,0
------
Solucao (2020 ms): 25 lojas
Truck r: 355,3455
0,8,10,9,11,12,3,2,1,13,14,15,16,6,17,18,19,5,7,20,4,21,23,24,22,25,0
------
Solução: 24 lojas - igual do João sem mudar nada
[0, 8, 10, 9, 7, 11, 12, 4, 3, 2, 13, 1, 14, 18, 15, 6, 17, 16, 19, 20, 5, 21, 22, 24, 23]
341.8154765304437